% Version 1.00
%
%freq[Hz],re:Trc13_S21,im:Trc13_S21,
1.000000000000000E+009,-9.171571134469729E-002,-9.775931233725966E-001,
1.005000000000000E+009,-1.003802354439777E-001,-9.765940336113681E-001,
1.010000000000000E+009,-1.085057242959545E-001,-9.750295938427536E-001,
1.015000000000000E+009,-1.165725402392042E-001,-9.735026711042345E-001,
1.020000000000000E+009,-1.244988399117135E-001,-9.714900107212108E-001,
1.025000000000000E+009,-1.319151830667531E-001,-9.694141239427501E-001,
1.030000000000000E+009,-1.391025529228297E-001,-9.674474121497265E-001,
1.035000000000000E+009,-1.463181680016706E-001,-9.658333472965313E-001,
1.040000000000000E+009,-1.529533715460368E-001,-9.644403854222334E-001,
1.045000000000000E+009,-1.595793987950818E-001,-9.634552014060150E-001,
1.050000000000000E+009,-1.669084336033489E-001,-9.624567484735269E-001,
1.055000000000000E+009,-1.744814499902282E-001,-9.617716436776501E-001,
1.060000000000000E+009,-1.824526492688690E-001,-9.607228015242767E-001,
1.065000000000000E+009,-1.906552815712539E-001,-9.598323016985638E-001,
1.070000000000000E+009,-1.993861672188749E-001,-9.584929438379133E-001,
1.075000000000000E+009,-2.079359570102622E-001,-9.569682638272772E-001,
1.080000000000000E+009,-2.168173771038807E-001,-9.550199325632380E-001,
1.085000000000000E+009,-2.256965401338227E-001,-9.530769579006697E-001,
1.090000000000000E+009,-2.340569450363834E-001,-9.508710130547848E-001,
1.095000000000000E+009,-2.423791574796783E-001,-9.486588540741530E-001,
1.100000000000000E+009,-2.506652604722831E-001,-9.458768915161213E-001,
1.105000000000000E+009,-2.588491049316848E-001,-9.436815151408816E-001,
1.110000000000000E+009,-2.667010259090640E-001,-9.409029464997281E-001,
1.115000000000000E+009,-2.746460831407656E-001,-9.379815645292370E-001,
1.120000000000000E+009,-2.823559899061956E-001,-9.350203562271680E-001,
1.125000000000000E+009,-2.900404471655412E-001,-9.327738681061447E-001,
1.130000000000000E+009,-2.977048876452282E-001,-9.304058815872397E-001,
1.135000000000000E+009,-3.055694034053759E-001,-9.277795758768588E-001,
1.140000000000000E+009,-3.131671125946982E-001,-9.252403923534019E-001,
1.145000000000000E+009,-3.209847515194648E-001,-9.226166966651376E-001,
1.150000000000000E+009,-3.283980878184025E-001,-9.195118546196051E-001,
1.155000000000000E+009,-3.363180496487467E-001,-9.168077183780095E-001,
1.160000000000000E+009,-3.444836170011663E-001,-9.141820664194134E-001,
1.165000000000000E+009,-3.525350285184318E-001,-9.112136614775027E-001,
1.170000000000000E+009,-3.608056500744586E-001,-9.082558742616447E-001,
1.175000000000000E+009,-3.688769869182946E-001,-9.054269896182710E-001,
1.180000000000000E+009,-3.769857397669862E-001,-9.024458834262761E-001,
1.185000000000000E+009,-3.849829564266191E-001,-8.993447771263076E-001,
1.190000000000000E+009,-3.925513380359180E-001,-8.959447540222212E-001,
1.195000000000000E+009,-4.001275757654796E-001,-8.926589352936246E-001,
1.200000000000000E+009,-4.077418433145408E-001,-8.894741465003092E-001,
1.205000000000000E+009,-4.154676882851870E-001,-8.862852423908769E-001,
1.210000000000000E+009,-4.234131709433544E-001,-8.827296475753232E-001,
1.215000000000000E+009,-4.314905686344496E-001,-8.792235500517931E-001,
1.220000000000000E+009,-4.393666096280847E-001,-8.753222594316552E-001,
1.225000000000000E+009,-4.472357199536702E-001,-8.714540827981473E-001,
1.230000000000000E+009,-4.554760763728524E-001,-8.671464315037977E-001,
1.235000000000000E+009,-4.633948721680914E-001,-8.627871013546841E-001,
1.240000000000000E+009,-4.713970141223739E-001,-8.582703944447911E-001,
1.245000000000000E+009,-4.795073382015004E-001,-8.541232007517513E-001,
1.250000000000000E+009,-4.871209013385062E-001,-8.494852031150620E-001,
1.255000000000000E+009,-4.946654069123440E-001,-8.451452065687015E-001,
1.260000000000000E+009,-5.021441006664706E-001,-8.406429390736133E-001,
1.265000000000000E+009,-5.092894263040393E-001,-8.359489265545343E-001,
1.270000000000000E+009,-5.159178347510995E-001,-8.316410163596011E-001,
1.275000000000000E+009,-5.225792619930575E-001,-8.268646686815999E-001,
1.280000000000000E+009,-5.291552146258027E-001,-8.225674131976505E-001,
1.285000000000000E+009,-5.352953827378533E-001,-8.181990418313820E-001,
1.290000000000000E+009,-5.420297359204095E-001,-8.134374544149354E-001,
1.295000000000000E+009,-5.484161700223824E-001,-8.087026411474689E-001,
1.300000000000000E+009,-5.542629430078340E-001,-8.038880711767658E-001,
1.305000000000000E+009,-5.604011282485205E-001,-7.990884135936224E-001,
1.310000000000000E+009,-5.662508760830710E-001,-7.944587252568007E-001,
1.315000000000000E+009,-5.722725563429347E-001,-7.900984997819209E-001,
1.320000000000000E+009,-5.786087965083666E-001,-7.857089415701506E-001,
1.325000000000000E+009,-5.849946450828998E-001,-7.813310814927945E-001,
1.330000000000000E+009,-5.918120174836150E-001,-7.766546936504263E-001,
1.335000000000000E+009,-5.978754539694746E-001,-7.717528304726787E-001,
1.340000000000000E+009,-6.042027355182322E-001,-7.669794630356800E-001,
1.345000000000000E+009,-6.103198884704236E-001,-7.619507114941054E-001,
1.350000000000000E+009,-6.163560359427394E-001,-7.568730638904822E-001,
1.355000000000000E+009,-6.225380998173111E-001,-7.518510192492764E-001,
1.360000000000000E+009,-6.289941528849292E-001,-7.468349286621185E-001,
1.365000000000000E+009,-6.351386390038637E-001,-7.417475357848136E-001,
1.370000000000000E+009,-6.419037225657996E-001,-7.364852668359623E-001,
1.375000000000000E+009,-6.481103944285286E-001,-7.310636158263744E-001,
1.380000000000000E+009,-6.545496780401544E-001,-7.253070829200229E-001,
1.385000000000000E+009,-6.609620313446858E-001,-7.189626841177341E-001,
1.390000000000000E+009,-6.672097179190012E-001,-7.127530761498810E-001,
1.395000000000000E+009,-6.735153000321605E-001,-7.065514186934048E-001,
1.400000000000000E+009,-6.797741408267689E-001,-7.003258057601902E-001,
1.405000000000000E+009,-6.859838129943896E-001,-6.936591299465702E-001,
1.410000000000000E+009,-6.923313113283852E-001,-6.873808510683860E-001,
1.415000000000000E+009,-6.984250327197834E-001,-6.811790770593638E-001,
1.420000000000000E+009,-7.042778774843477E-001,-6.747650344868510E-001,
1.425000000000000E+009,-7.104352057932085E-001,-6.682923401291423E-001,
1.430000000000000E+009,-7.157784451347118E-001,-6.620949616553646E-001,
1.435000000000000E+009,-7.210374169529502E-001,-6.553273066101855E-001,
1.440000000000000E+009,-7.267375993173968E-001,-6.494798029785998E-001,
1.445000000000000E+009,-7.323052686074233E-001,-6.433221663253870E-001,
1.450000000000000E+009,-7.379251719633484E-001,-6.371381144782419E-001,
1.455000000000000E+009,-7.436158244569778E-001,-6.309049780086683E-001,
1.460000000000000E+009,-7.488124161707042E-001,-6.246128772729853E-001,
1.465000000000000E+009,-7.535107605906136E-001,-6.185364435412737E-001,
1.470000000000000E+009,-7.585985785984231E-001,-6.124276278563315E-001,
1.475000000000000E+009,-7.636906075370873E-001,-6.059992010940347E-001,
1.480000000000000E+009,-7.689101584780760E-001,-5.997499682185477E-001,
1.485000000000000E+009,-7.740354512413046E-001,-5.928301794119650E-001,
1.490000000000000E+009,-7.790840804309422E-001,-5.865308453545263E-001,
1.495000000000000E+009,-7.839858466047358E-001,-5.799056413068249E-001,
1.500000000000000E+009,-7.890323803910512E-001,-5.734123681076553E-001,
1.505000000000000E+009,-7.940789937825852E-001,-5.669196883254133E-001,
1.510000000000000E+009,-7.991033985325089E-001,-5.602455407392010E-001,
1.515000000000000E+009,-8.037257233041311E-001,-5.535298902579395E-001,
1.520000000000000E+009,-8.086685259409148E-001,-5.468135787726786E-001,
1.525000000000000E+009,-8.129916234007728E-001,-5.402149052089510E-001,
1.530000000000000E+009,-8.172727092564842E-001,-5.331939688628503E-001,
1.535000000000000E+009,-8.214452158187415E-001,-5.264345202126917E-001,
1.540000000000000E+009,-8.251760445165640E-001,-5.196141403041006E-001,
1.545000000000000E+009,-8.289643477180686E-001,-5.125188084713415E-001,
1.550000000000000E+009,-8.329456043573339E-001,-5.055340489378377E-001,
1.555000000000000E+009,-8.367303745323765E-001,-4.988159571658571E-001,
1.560000000000000E+009,-8.407269595414841E-001,-4.917986775349389E-001,
1.565000000000000E+009,-8.442823366026433E-001,-4.844106651429525E-001,
1.570000000000000E+009,-8.477520079375471E-001,-4.773017382398817E-001,
1.575000000000000E+009,-8.513538031520309E-001,-4.699688598874031E-001,
1.580000000000000E+009,-8.546117841441557E-001,-4.627573115423496E-001,
1.585000000000000E+009,-8.578841201707423E-001,-4.560042549736406E-001,
1.590000000000000E+009,-8.612406157387865E-001,-4.492840038951118E-001,
1.595000000000000E+009,-8.646360924006364E-001,-4.424552956099857E-001,
1.600000000000000E+009,-8.681215525264669E-001,-4.360667046379625E-001,
1.605000000000000E+009,-8.715721160026930E-001,-4.292033267265725E-001,
1.610000000000000E+009,-8.752096247370825E-001,-4.220873762185942E-001,
1.615000000000000E+009,-8.785301389155611E-001,-4.152669054470284E-001,
1.620000000000000E+009,-8.817354513803982E-001,-4.082988197836811E-001,
1.625000000000000E+009,-8.849663855721752E-001,-4.012340547129759E-001,
1.630000000000000E+009,-8.881006408804171E-001,-3.937598567401924E-001,
1.635000000000000E+009,-8.913042846772397E-001,-3.871196664053574E-001,
1.640000000000000E+009,-8.946082019902721E-001,-3.796841595586733E-001,
1.645000000000000E+009,-8.974603433283312E-001,-3.718917289358559E-001,
1.650000000000000E+009,-9.003857434198536E-001,-3.644462685850965E-001,
1.655000000000000E+009,-9.031812937196264E-001,-3.568469410569414E-001,
1.660000000000000E+009,-9.055750051608017E-001,-3.492285739486104E-001,
1.665000000000000E+009,-9.084978638208349E-001,-3.417031477211142E-001,
1.670000000000000E+009,-9.119531288705087E-001,-3.339263058839100E-001,
1.675000000000000E+009,-9.153344081613128E-001,-3.260335756816205E-001,
1.680000000000000E+009,-9.185475401971583E-001,-3.181441755591048E-001,
1.685000000000000E+009,-9.219116560876124E-001,-3.100354231029529E-001,
1.690000000000000E+009,-9.244619572996358E-001,-3.016982415987187E-001,
1.695000000000000E+009,-9.269150794427239E-001,-2.935715008008352E-001,
1.700000000000000E+009,-9.288784883163695E-001,-2.853225883374035E-001,
1.705000000000000E+009,-9.304002640435314E-001,-2.772056137834037E-001,
1.710000000000000E+009,-9.322133844111805E-001,-2.693076044373564E-001,
1.715000000000000E+009,-9.340715475274255E-001,-2.613448785376318E-001,
1.720000000000000E+009,-9.360174585802854E-001,-2.537366567399811E-001,
1.725000000000000E+009,-9.372891254812156E-001,-2.460049109428251E-001,
1.730000000000000E+009,-9.386150912276309E-001,-2.387559280891547E-001,
1.735000000000000E+009,-9.404458733140060E-001,-2.315005218923523E-001,
1.740000000000000E+009,-9.423022836573727E-001,-2.242098085321230E-001,
1.745000000000000E+009,-9.444795045662551E-001,-2.168181003468597E-001,
1.750000000000000E+009,-9.464034787995902E-001,-2.094238122912144E-001,
1.755000000000000E+009,-9.486565239105782E-001,-2.019039874213361E-001,
1.760000000000000E+009,-9.508659692059827E-001,-1.942006504074984E-001,
1.765000000000000E+009,-9.529755116525576E-001,-1.863564584819737E-001,
1.770000000000000E+009,-9.549082476350279E-001,-1.779496564898321E-001,
1.775000000000000E+009,-9.567844223107248E-001,-1.696094051753641E-001,
1.780000000000000E+009,-9.584009231344104E-001,-1.611286493801744E-001,
1.785000000000000E+009,-9.597671288319316E-001,-1.525950962905067E-001,
1.790000000000000E+009,-9.613525040198993E-001,-1.445166110306572E-001,
1.795000000000000E+009,-9.627946163306578E-001,-1.363744669592559E-001,
1.800000000000000E+009,-9.639495123017451E-001,-1.280618628924085E-001,
1.805000000000000E+009,-9.646909639963557E-001,-1.197013689949001E-001,
1.810000000000000E+009,-9.657453902858016E-001,-1.108803010721962E-001,
1.815000000000000E+009,-9.666022450331750E-001,-1.024373304322123E-001,
1.820000000000000E+009,-9.669859176767603E-001,-9.407663481128614E-002,
1.825000000000000E+009,-9.678368577602327E-001,-8.555985686223298E-002,
1.830000000000000E+009,-9.686572006311986E-001,-7.704853697265372E-002,
1.835000000000000E+009,-9.692178171597293E-001,-6.841905780881079E-002,
1.840000000000000E+009,-9.696856555230239E-001,-5.951683201947021E-002,
1.845000000000000E+009,-9.696677900928721E-001,-5.012911668055913E-002,
1.850000000000000E+009,-9.695592062915659E-001,-4.096470640557544E-002,
1.855000000000000E+009,-9.688145892467813E-001,-3.158858688958165E-002,
1.860000000000000E+009,-9.682580218302814E-001,-2.259088087862434E-002,
1.865000000000000E+009,-9.672213434652256E-001,-1.377632557991363E-002,
1.870000000000000E+009,-9.660893918286378E-001,-5.253815406945113E-003,
1.875000000000000E+009,-9.648084750123949E-001,2.830882364610695E-003,
1.880000000000000E+009,-9.642391537324145E-001,1.111207362022088E-002,
1.885000000000000E+009,-9.633708925095876E-001,1.919107733772689E-002,
1.890000000000000E+009,-9.627486158219942E-001,2.728468328767346E-002,
1.895000000000000E+009,-9.625828404045270E-001,3.500845384519732E-002,
1.900000000000000E+009,-9.622355605691132E-001,4.298259577360773E-002,
1.905000000000000E+009,-9.623293176089132E-001,5.106039501966769E-002,
1.910000000000000E+009,-9.624895874629602E-001,5.930082842413803E-002,
1.915000000000000E+009,-9.629163956721191E-001,6.739391084622426E-002,
1.920000000000000E+009,-9.632082556041165E-001,7.651184364068064E-002,
1.925000000000000E+009,-9.627303567653209E-001,8.509448562750499E-002,
1.930000000000000E+009,-9.623629923047372E-001,9.384767403293345E-002,
1.935000000000000E+009,-9.616132882070718E-001,1.028706631752281E-001,
1.940000000000000E+009,-9.605770605034135E-001,1.118140648336355E-001,
1.945000000000000E+009,-9.594716592608450E-001,1.208098751163975E-001,
1.950000000000000E+009,-9.581374902642372E-001,1.299044571423610E-001,
1.955000000000000E+009,-9.570077800066378E-001,1.388676348272584E-001,
1.960000000000000E+009,-9.553975232571761E-001,1.481750845184571E-001,
1.965000000000000E+009,-9.536342174749847E-001,1.571358696993956E-001,
1.970000000000000E+009,-9.517833596106402E-001,1.658055627620506E-001,
1.975000000000000E+009,-9.497851907236559E-001,1.748595188770611E-001,
1.980000000000000E+009,-9.478181592323253E-001,1.840898630724971E-001,
1.985000000000000E+009,-9.454181208709984E-001,1.923833231531421E-001,
1.990000000000000E+009,-9.431968678599078E-001,2.006821907290366E-001,
1.995000000000000E+009,-9.405839722822618E-001,2.096106078078609E-001,
2.000000000000000E+009,-9.377916374992229E-001,2.181462749540728E-001,
2.005000000000000E+009,-9.348588542921673E-001,2.266095659913859E-001,
2.010000000000000E+009,-9.319443439014272E-001,2.344643140707457E-001,
2.015000000000000E+009,-9.295255819236525E-001,2.424025845947667E-001,
2.020000000000000E+009,-9.272168230406742E-001,2.505558050052002E-001,
2.025000000000000E+009,-9.248395879051199E-001,2.589175933658069E-001,
2.030000000000000E+009,-9.222027282643384E-001,2.671063170205074E-001,
2.035000000000000E+009,-9.201924083862269E-001,2.756683397688043E-001,
2.040000000000000E+009,-9.177219009923262E-001,2.845080863756567E-001,
2.045000000000000E+009,-9.153062876938931E-001,2.935367057338123E-001,
2.050000000000000E+009,-9.126445203386605E-001,3.029355714363510E-001,
2.055000000000000E+009,-9.096332991070655E-001,3.133196595311409E-001,
2.060000000000000E+009,-9.062065718099566E-001,3.233830646507170E-001,
2.065000000000000E+009,-9.028426853838677E-001,3.338968154976569E-001,
2.070000000000000E+009,-8.989825922082896E-001,3.444766692973154E-001,
2.075000000000000E+009,-8.945236429869912E-001,3.550503579613605E-001,
2.080000000000000E+009,-8.898520692093775E-001,3.653715194269218E-001,
2.085000000000000E+009,-8.843833081568429E-001,3.760505257123635E-001,
2.090000000000000E+009,-8.789412226169480E-001,3.865615137655803E-001,
2.095000000000000E+009,-8.735749821591172E-001,3.971072501546918E-001,
2.100000000000000E+009,-8.680685519726389E-001,4.069487901875032E-001,
2.105000000000000E+009,-8.619786684865813E-001,4.174888420000092E-001,
2.110000000000000E+009,-8.560027446315406E-001,4.280640780432296E-001,
2.115000000000000E+009,-8.491479917669274E-001,4.379999102580691E-001,
2.120000000000000E+009,-8.422930683514203E-001,4.483789270805736E-001,
2.125000000000000E+009,-8.348266980469731E-001,4.587579176446165E-001,
2.130000000000000E+009,-8.269782811474561E-001,4.685837500687039E-001,
2.135000000000000E+009,-8.183613708154399E-001,4.784998685893689E-001,
2.140000000000000E+009,-8.094545532455083E-001,4.882981650904128E-001,
2.145000000000000E+009,-8.000527623319798E-001,4.975664429552711E-001,
2.150000000000000E+009,-7.897702932290696E-001,5.065935769031695E-001,
2.155000000000000E+009,-7.790453679672150E-001,5.154774670346284E-001,
2.160000000000000E+009,-7.677213065785463E-001,5.236590379047339E-001,
2.165000000000000E+009,-7.556696402042252E-001,5.321872445126179E-001,
2.170000000000000E+009,-7.431673452206160E-001,5.407934701512320E-001,
2.175000000000000E+009,-7.294262445191933E-001,5.491919900610431E-001,
2.180000000000000E+009,-7.141603886050021E-001,5.578019304351826E-001,
2.185000000000000E+009,-6.975185707709518E-001,5.657624671796624E-001,
2.190000000000000E+009,-6.784366782388169E-001,5.737827231804124E-001,
2.195000000000000E+009,-6.565866956638899E-001,5.800573852887062E-001,
2.200000000000000E+009,-6.319344890028662E-001,5.839459852741328E-001,
2.205000000000000E+009,-6.042402429853573E-001,5.845336144595665E-001,
2.210000000000000E+009,-5.736113166008034E-001,5.804038971228855E-001,
2.215000000000000E+009,-5.407306800654516E-001,5.695092519906748E-001,
2.220000000000000E+009,-5.070803395625141E-001,5.499981005323832E-001,
2.225000000000000E+009,-4.759621697572112E-001,5.187007783001445E-001,
2.230000000000000E+009,-4.517803769894402E-001,4.756254884708578E-001,
2.235000000000000E+009,-4.421940751906665E-001,4.226140569241712E-001,
2.240000000000000E+009,-4.525808038305456E-001,3.664512959638788E-001,
2.245000000000000E+009,-4.834541877143588E-001,3.173506230414520E-001,
2.250000000000000E+009,-5.289438719145908E-001,2.853300703537439E-001,
2.255000000000000E+009,-5.783989084694317E-001,2.729574554139174E-001,
2.260000000000000E+009,-6.238214613769728E-001,2.766004285453081E-001,
2.265000000000000E+009,-6.614070865554144E-001,2.912924102748274E-001,
2.270000000000000E+009,-6.895538679025448E-001,3.122536362622435E-001,
2.275000000000000E+009,-7.090384168659534E-001,3.351759172824529E-001,
2.280000000000000E+009,-7.218092090461675E-001,3.580667571597919E-001,
2.285000000000000E+009,-7.295181399969684E-001,3.792445452370101E-001,
2.290000000000000E+009,-7.331448371469534E-001,3.985210260757627E-001,
2.295000000000000E+009,-7.341551028693656E-001,4.146002953325502E-001,
2.300000000000000E+009,-7.343654451613750E-001,4.273584050517467E-001,
2.305000000000000E+009,-7.361175094052527E-001,4.386948043098228E-001,
2.310000000000000E+009,-7.388634907651818E-001,4.493674004930317E-001,
2.315000000000000E+009,-7.428620498193386E-001,4.612539003015909E-001,
2.320000000000000E+009,-7.468324304532857E-001,4.750945055522493E-001,
2.325000000000000E+009,-7.491630676266522E-001,4.907880704851816E-001,
2.330000000000000E+009,-7.494184376771880E-001,5.075617527403984E-001,
2.335000000000000E+009,-7.476968343135008E-001,5.238022879696546E-001,
2.340000000000000E+009,-7.438338672489232E-001,5.394573928757446E-001,
2.345000000000000E+009,-7.392001015861660E-001,5.547041593065593E-001,
2.350000000000000E+009,-7.336405253337177E-001,5.683289799869705E-001,
2.355000000000000E+009,-7.273968503027112E-001,5.820641489596617E-001,
2.360000000000000E+009,-7.205845430467733E-001,5.934475830101974E-001,
2.365000000000000E+009,-7.134395662282032E-001,6.050450914591388E-001,
2.370000000000000E+009,-7.062825060800680E-001,6.155855943083444E-001,
2.375000000000000E+009,-6.993192587581479E-001,6.254780210226946E-001,
2.380000000000000E+009,-6.915565550839711E-001,6.343431712213127E-001,
2.385000000000000E+009,-6.844484650087676E-001,6.432100546893189E-001,
2.390000000000000E+009,-6.770557871241772E-001,6.514164119219060E-001,
2.395000000000000E+009,-6.691946571484515E-001,6.594291282122982E-001,
2.400000000000000E+009,-6.614296389292136E-001,6.668779977283201E-001,
2.405000000000000E+009,-6.534979854817629E-001,6.740738808088751E-001,
2.410000000000000E+009,-6.457714104970500E-001,6.805081019042629E-001,
2.415000000000000E+009,-6.382275601359703E-001,6.871075141619785E-001,
2.420000000000000E+009,-6.303939686234379E-001,6.927599806165193E-001,
2.425000000000000E+009,-6.230565765271369E-001,6.983345201229980E-001,
2.430000000000000E+009,-6.156658801011928E-001,7.043422678884606E-001,
2.435000000000000E+009,-6.086583940086459E-001,7.093273999135393E-001,
2.440000000000000E+009,-6.018101144766321E-001,7.139064730325799E-001,
2.445000000000000E+009,-5.951137787270472E-001,7.192564326424356E-001,
2.450000000000000E+009,-5.886454015739637E-001,7.238516977136319E-001,
2.455000000000000E+009,-5.826629149794902E-001,7.286394798609225E-001,
2.460000000000000E+009,-5.764057425375517E-001,7.339325573106310E-001,
2.465000000000000E+009,-5.707310895717197E-001,7.390277164759959E-001,
2.470000000000000E+009,-5.646644597489481E-001,7.444545485109492E-001,
2.475000000000000E+009,-5.591453240446542E-001,7.501506047226744E-001,
2.480000000000000E+009,-5.526908890115381E-001,7.558832171731114E-001,
2.485000000000000E+009,-5.469938919284443E-001,7.614012409636111E-001,
2.490000000000000E+009,-5.410226239450255E-001,7.672972770294468E-001,
2.495000000000000E+009,-5.350019437024441E-001,7.732236893650918E-001,
2.500000000000000E+009,-5.289549246099993E-001,7.787756445826917E-001,
2.505000000000000E+009,-5.171384615846901E-001,7.753784200428838E-001,
2.510000000000000E+009,-5.114657068929045E-001,7.809147600102553E-001,
2.515000000000000E+009,-5.046743283651130E-001,7.876683267481657E-001,
2.520000000000000E+009,-4.983531588901604E-001,7.932428587531266E-001,
2.525000000000000E+009,-4.917490398629416E-001,7.980924799730800E-001,
2.530000000000000E+009,-4.858105423220827E-001,8.030526051463712E-001,
2.535000000000000E+009,-4.800418668818692E-001,8.070165732928557E-001,
2.540000000000000E+009,-4.731606912216017E-001,8.111179468666186E-001,
2.545000000000000E+009,-4.660123198596943E-001,8.146074132474735E-001,
2.550000000000000E+009,-4.599238948654162E-001,8.200097532325574E-001,
2.555000000000000E+009,-4.533252529365328E-001,8.250670989312816E-001,
2.560000000000000E+009,-4.465767379615747E-001,8.296562662654581E-001,
2.565000000000000E+009,-4.389593356499637E-001,8.361214672762771E-001,
2.570000000000000E+009,-4.319403830541275E-001,8.420854416660651E-001,
2.575000000000000E+009,-4.240695418439194E-001,8.481915307592240E-001,
2.580000000000000E+009,-4.168332013262481E-001,8.541462205668954E-001,
2.585000000000000E+009,-4.085373817771435E-001,8.588566679945792E-001,
2.590000000000000E+009,-4.005048227590402E-001,8.636854667496252E-001,
2.595000000000000E+009,-3.928374003969032E-001,8.676824110173815E-001,
2.600000000000000E+009,-3.852141718386760E-001,8.724475245954594E-001,
2.605000000000000E+009,-3.770126990637731E-001,8.762148439039071E-001,
2.610000000000000E+009,-3.697774505081921E-001,8.805399711581141E-001,
2.615000000000000E+009,-3.612969088618172E-001,8.847263276687576E-001,
2.620000000000000E+009,-3.539774440820691E-001,8.893675820238616E-001,
2.625000000000000E+009,-3.469949975277373E-001,8.935627133462359E-001,
2.630000000000000E+009,-3.394638250309711E-001,8.986569680809283E-001,
2.635000000000000E+009,-3.306757841481230E-001,9.031920133390268E-001,
2.640000000000000E+009,-3.240218178350726E-001,9.067065199665182E-001,
2.645000000000000E+009,-3.154675145320817E-001,9.099432678896329E-001,
2.650000000000000E+009,-3.072363518076418E-001,9.133573406754386E-001,
2.655000000000000E+009,-2.983117570973448E-001,9.168106010615522E-001,
2.660000000000000E+009,-2.903857657298850E-001,9.194093211677077E-001,
2.665000000000000E+009,-2.814418633543839E-001,9.217524559337410E-001,
2.670000000000000E+009,-2.725714863191305E-001,9.237967896483196E-001,
2.675000000000000E+009,-2.638818568842417E-001,9.256747253421193E-001,
2.680000000000000E+009,-2.550617117991823E-001,9.279825286620637E-001,
2.685000000000000E+009,-2.468515623965412E-001,9.299857776656165E-001,
2.690000000000000E+009,-2.394576990702474E-001,9.324095861378221E-001,
2.695000000000000E+009,-2.308803904007371E-001,9.354984295112200E-001,
2.700000000000000E+009,-2.227566844826816E-001,9.375602350215821E-001,
2.705000000000000E+009,-2.134615665722455E-001,9.394898633094229E-001,
2.710000000000000E+009,-2.038515371792575E-001,9.411615094088355E-001,
2.715000000000000E+009,-1.942778214455366E-001,9.424590079915152E-001,
2.720000000000000E+009,-1.847352975023819E-001,9.428118591412193E-001,
2.725000000000000E+009,-1.755708256650889E-001,9.431880231316171E-001,
2.730000000000000E+009,-1.659682021068326E-001,9.431346824229777E-001,
2.735000000000000E+009,-1.573015723583446E-001,9.432043989464956E-001,
2.740000000000000E+009,-1.488011370393972E-001,9.429948857263448E-001,
2.745000000000000E+009,-1.395808977610605E-001,9.428369513489096E-001,
2.750000000000000E+009,-1.305387321878285E-001,9.423272824671553E-001,
2.755000000000000E+009,-1.212724962128721E-001,9.424508976080721E-001,
2.760000000000000E+009,-1.135493620651604E-001,9.424188298319883E-001,
2.765000000000000E+009,-1.051206052517413E-001,9.428035619673292E-001,
2.770000000000000E+009,-9.728710362014564E-002,9.434925755453304E-001,
2.775000000000000E+009,-8.982686156763903E-002,9.445427445523502E-001,
2.780000000000000E+009,-8.190470639808813E-002,9.452835466196282E-001,
2.785000000000000E+009,-7.305398367476942E-002,9.455113293881643E-001,
2.790000000000000E+009,-6.469061565986085E-002,9.460534755983703E-001,
2.795000000000000E+009,-5.547390969212872E-002,9.458309120218322E-001,
2.800000000000000E+009,-4.661007720719823E-002,9.458330155979822E-001,
2.805000000000000E+009,-3.801557399712707E-002,9.454438051392003E-001,
2.810000000000000E+009,-2.990443900110849E-002,9.455655485830368E-001,
2.815000000000000E+009,-2.173871508636973E-002,9.452637823218889E-001,
2.820000000000000E+009,-1.321950965823243E-002,9.451739740413911E-001,
2.825000000000000E+009,-4.927708483789827E-003,9.446324901628120E-001,
2.830000000000000E+009,2.911727947858320E-003,9.447033611728061E-001,
2.835000000000000E+009,1.022801008533055E-002,9.443115618030824E-001,
2.840000000000000E+009,1.804637251184938E-002,9.440552297176268E-001,
2.845000000000000E+009,2.531850774866852E-002,9.440445821721977E-001,
2.850000000000000E+009,3.270116385890178E-002,9.441170316267691E-001,
2.855000000000000E+009,4.006642635763641E-002,9.447676680602668E-001,
2.860000000000000E+009,4.739887637810882E-002,9.452357717637150E-001,
2.865000000000000E+009,5.464909918921557E-002,9.456198784592798E-001,
2.870000000000000E+009,6.163184608961892E-002,9.458952630976675E-001,
2.875000000000000E+009,6.906234533874796E-002,9.459664631445939E-001,
2.880000000000000E+009,7.600984171240582E-002,9.453034547459397E-001,
2.885000000000000E+009,8.326123254992185E-002,9.450211828318499E-001,
2.890000000000000E+009,9.037574616593053E-002,9.448230306261619E-001,
2.895000000000000E+009,9.771157132826799E-002,9.440441597677826E-001,
2.900000000000000E+009,1.059209720962409E-001,9.433725352771654E-001,
2.905000000000000E+009,1.137153480946081E-001,9.427995045737752E-001,
2.910000000000000E+009,1.215188155487051E-001,9.413110176818242E-001,
2.915000000000000E+009,1.294823594101041E-001,9.400101458573051E-001,
2.920000000000000E+009,1.379715935135989E-001,9.385073982889733E-001,
2.925000000000000E+009,1.458764696260124E-001,9.372959093653739E-001,
2.930000000000000E+009,1.538729547319387E-001,9.358896249949191E-001,
2.935000000000000E+009,1.615811732131862E-001,9.341864000827665E-001,
2.940000000000000E+009,1.696354895625042E-001,9.331398915151444E-001,
2.945000000000000E+009,1.780357139302187E-001,9.315378959586548E-001,
2.950000000000000E+009,1.860417942526837E-001,9.300646841339421E-001,
2.955000000000000E+009,1.936158997775367E-001,9.288121373269532E-001,
2.960000000000000E+009,2.018828377575856E-001,9.269200017022579E-001,
2.965000000000000E+009,2.098030767927863E-001,9.250121256861987E-001,
2.970000000000000E+009,2.181667932043773E-001,9.230694541795612E-001,
2.975000000000000E+009,2.261582098745190E-001,9.208703987493089E-001,
2.980000000000000E+009,2.338615416306635E-001,9.187616779412420E-001,
2.985000000000000E+009,2.419064385636465E-001,9.167653453476151E-001,
2.990000000000000E+009,2.502213352684033E-001,9.147699367872213E-001,
2.995000000000000E+009,2.576157039359708E-001,9.121579639731211E-001,
3.000000000000000E+009,2.650330126954240E-001,9.105803613678136E-001,
3.005000000000000E+009,2.724963825765850E-001,9.087081393598376E-001,
3.010000000000000E+009,2.803439659918499E-001,9.064441428746803E-001,
3.015000000000000E+009,2.881947341850100E-001,9.041555511593791E-001,
3.020000000000000E+009,2.957932335564122E-001,9.016236827066546E-001,
3.025000000000000E+009,3.034043745525483E-001,8.990754207691448E-001,
3.030000000000000E+009,3.116173119238093E-001,8.960040950606337E-001,
3.035000000000000E+009,3.190000975517403E-001,8.921589460058735E-001,
3.040000000000000E+009,3.265265268594454E-001,8.890704828910108E-001,
3.045000000000000E+009,3.346134624120609E-001,8.855344913698822E-001,
3.050000000000000E+009,3.420400200104376E-001,8.818197573667588E-001,
3.055000000000000E+009,3.498535551448494E-001,8.779348688986115E-001,
3.060000000000000E+009,3.570624043397619E-001,8.742074088347799E-001,
3.065000000000000E+009,3.643936187482417E-001,8.709482479161601E-001,
3.070000000000000E+009,3.717568835931100E-001,8.676494303442077E-001,
3.075000000000000E+009,3.792924435383420E-001,8.649550812692182E-001,
3.080000000000000E+009,3.868412182280794E-001,8.613344029273481E-001,
3.085000000000000E+009,3.946534988906041E-001,8.579622862458974E-001,
3.090000000000000E+009,4.023488334688420E-001,8.545289930105462E-001,
3.095000000000000E+009,4.095969633082659E-001,8.514189366715985E-001,
3.100000000000000E+009,4.172226736078372E-001,8.478929476588182E-001,
3.105000000000000E+009,4.247834884066195E-001,8.444633818340690E-001,
3.110000000000000E+009,4.323384221336127E-001,8.403115282123770E-001,
3.115000000000000E+009,4.396554876090243E-001,8.359406120359297E-001,
3.120000000000000E+009,4.466523207369136E-001,8.315661937895233E-001,
3.125000000000000E+009,4.537253476573606E-001,8.272094438693792E-001,
3.130000000000000E+009,4.615016158701742E-001,8.225711410262733E-001,
3.135000000000000E+009,4.689210408626376E-001,8.176068614775343E-001,
3.140000000000000E+009,4.760593311715972E-001,8.127671574051378E-001,
3.145000000000000E+009,4.829249730264053E-001,8.075536778296476E-001,
3.150000000000000E+009,4.897607136276416E-001,8.018907415896434E-001,
3.155000000000000E+009,4.963699706303042E-001,7.973020882309636E-001,
3.160000000000000E+009,5.028079553761511E-001,7.924854637831722E-001,
3.165000000000000E+009,5.087713618027566E-001,7.874549430973131E-001,
3.170000000000000E+009,5.150408664220518E-001,7.830389574501671E-001,
3.175000000000000E+009,5.212085156919672E-001,7.784684933907368E-001,
3.180000000000000E+009,5.270744980808919E-001,7.745585058631838E-001,
3.185000000000000E+009,5.333816198194665E-001,7.703667220609369E-001,
3.190000000000000E+009,5.398635113010556E-001,7.656759996597587E-001,
3.195000000000000E+009,5.463378331848189E-001,7.604579387527715E-001,
3.200000000000000E+009,5.530787698811759E-001,7.547365527135639E-001,
3.205000000000000E+009,5.594731737164290E-001,7.488572301198623E-001,
3.210000000000000E+009,5.664099737468067E-001,7.427780872332847E-001,
3.215000000000000E+009,5.724482533112844E-001,7.368474828484548E-001,
3.220000000000000E+009,5.793532257080132E-001,7.305873002269345E-001,
3.225000000000000E+009,5.857948606207467E-001,7.233563663857662E-001,
3.230000000000000E+009,5.918829946958579E-001,7.167352490598963E-001,
3.235000000000000E+009,5.981683538496696E-001,7.103575682137568E-001,
3.240000000000000E+009,6.042854787327847E-001,7.033583497353999E-001,
3.245000000000000E+009,6.100966837070136E-001,6.964455744048648E-001,
3.250000000000000E+009,6.155588336065667E-001,6.901152402108761E-001,
3.255000000000000E+009,6.219487277583167E-001,6.831345174075050E-001,
3.260000000000000E+009,6.275932809126520E-001,6.755850856743675E-001,
3.265000000000000E+009,6.326267360539041E-001,6.680947386368212E-001,
3.270000000000000E+009,6.379979772757921E-001,6.604467937154037E-001,
3.275000000000000E+009,6.427332434372580E-001,6.522486471841623E-001,
3.280000000000000E+009,6.469472365276027E-001,6.437136821275575E-001,
3.285000000000000E+009,6.511893822177639E-001,6.349264807354597E-001,
3.290000000000000E+009,6.546490159917020E-001,6.260542786555944E-001,
3.295000000000000E+009,6.571929576709108E-001,6.175789151793785E-001,
3.300000000000000E+009,6.594716826658451E-001,6.086988316872923E-001,
3.305000000000000E+009,6.612499727875513E-001,6.010214195023454E-001,
3.310000000000000E+009,6.627852899489445E-001,5.932696459709035E-001,
3.315000000000000E+009,6.642437159599799E-001,5.856533737537379E-001,
3.320000000000000E+009,6.655055872033957E-001,5.779296675369297E-001,
3.325000000000000E+009,6.658312955304251E-001,5.700379265413297E-001,
3.330000000000000E+009,6.653958300381426E-001,5.622717203921219E-001,
3.335000000000000E+009,6.642980310817441E-001,5.552886522696128E-001,
3.340000000000000E+009,6.621109674009971E-001,5.487083897188099E-001,
3.345000000000000E+009,6.594803134223606E-001,5.427480361049067E-001,
3.350000000000000E+009,6.562106621995019E-001,5.377905902064266E-001,
3.355000000000000E+009,6.522885912529861E-001,5.350653086551963E-001,
3.360000000000000E+009,6.488055660379011E-001,5.335318258349489E-001,
3.365000000000000E+009,6.458973099257908E-001,5.333495415487382E-001,
3.370000000000000E+009,6.436560582742296E-001,5.344551946442423E-001,
3.375000000000000E+009,6.432588102202482E-001,5.372074331737238E-001,
3.380000000000000E+009,6.444446537967555E-001,5.402598245548951E-001,
3.385000000000000E+009,6.470385821099691E-001,5.433538667341997E-001,
3.390000000000000E+009,6.507852494231734E-001,5.465352248421742E-001,
3.395000000000000E+009,6.561791773011466E-001,5.498561627387165E-001,
3.400000000000000E+009,6.628459466402263E-001,5.526487302707830E-001,
3.405000000000000E+009,6.702856148619694E-001,5.548963156134882E-001,
3.410000000000000E+009,6.791920343586790E-001,5.561910641271555E-001,
3.415000000000000E+009,6.892923759922661E-001,5.562160962972096E-001,
3.420000000000000E+009,6.994632448609909E-001,5.547866992159778E-001,
3.425000000000000E+009,7.100371337603629E-001,5.520787700723580E-001,
3.430000000000000E+009,7.206651365300258E-001,5.481748514344572E-001,
3.435000000000000E+009,7.309326339150234E-001,5.430456173781920E-001,
3.440000000000000E+009,7.400335607402583E-001,5.369102704866946E-001,
3.445000000000000E+009,7.488263927954801E-001,5.301685983434257E-001,
3.450000000000000E+009,7.570427006000789E-001,5.230591140560424E-001,
3.455000000000000E+009,7.648502088327768E-001,5.159439832521496E-001,
3.460000000000000E+009,7.725778806978376E-001,5.084595113562944E-001,
3.465000000000000E+009,7.793264967811222E-001,5.012619813193543E-001,
3.470000000000000E+009,7.863623774307276E-001,4.931875539144948E-001,
3.475000000000000E+009,7.926114090964698E-001,4.853797189449859E-001,
3.480000000000000E+009,7.986026056565700E-001,4.771407589439935E-001,
3.485000000000000E+009,8.040287887530011E-001,4.695532264220928E-001,
3.490000000000000E+009,8.098240387221761E-001,4.617081930109720E-001,
3.495000000000000E+009,8.156627651105475E-001,4.536058858538369E-001,
3.500000000000000E+009,8.206196871955531E-001,4.452471481222027E-001,
3.505000000000000E+009,8.262042805900012E-001,4.373753314792090E-001,
3.510000000000000E+009,8.312874953989673E-001,4.290372488176898E-001,
3.515000000000000E+009,8.360156604716726E-001,4.205370647118573E-001,
3.520000000000000E+009,8.403264669083501E-001,4.123299498745600E-001,
3.525000000000000E+009,8.449029235949055E-001,4.038216986690752E-001,
3.530000000000000E+009,8.490162815124938E-001,3.954416014515114E-001,
3.535000000000000E+009,8.530586125305302E-001,3.867972565641829E-001,
3.540000000000000E+009,8.564758317593540E-001,3.784222661678974E-001,
3.545000000000000E+009,8.601917091176521E-001,3.696043840803707E-001,
3.550000000000000E+009,8.633696334449097E-001,3.612449878894652E-001,
3.555000000000000E+009,8.663745522385158E-001,3.526315247187416E-001,
3.560000000000000E+009,8.693473957735182E-001,3.440686635126783E-001,
3.565000000000000E+009,8.721701279823100E-001,3.358710139577087E-001,
3.570000000000000E+009,8.747279932668577E-001,3.269286617793615E-001,
3.575000000000000E+009,8.770374851975302E-001,3.188387651498127E-001,
3.580000000000000E+009,8.793357251213880E-001,3.106703441662659E-001,
3.585000000000000E+009,8.812221775134819E-001,3.026314383978421E-001,
3.590000000000000E+009,8.831523951668523E-001,2.947332610194471E-001,
3.595000000000000E+009,8.853785696740387E-001,2.875319204148765E-001,
3.600000000000000E+009,8.871071828570253E-001,2.799537091767215E-001,
3.605000000000000E+009,8.896202706642826E-001,2.725406151394377E-001,
3.610000000000000E+009,8.918413693512031E-001,2.652874550689005E-001,
3.615000000000000E+009,8.945462596754783E-001,2.576338949592086E-001,
3.620000000000000E+009,8.969364477943627E-001,2.498616958178405E-001,
3.625000000000000E+009,8.999323058852994E-001,2.420310415661036E-001,
3.630000000000000E+009,9.025731088708152E-001,2.338965860099270E-001,
3.635000000000000E+009,9.044349103637700E-001,2.256201937936173E-001,
3.640000000000000E+009,9.063764496580355E-001,2.172640002559650E-001,
3.645000000000000E+009,9.081837411033317E-001,2.091246384050121E-001,
3.650000000000000E+009,9.095878449071350E-001,2.009289145199874E-001,
3.655000000000000E+009,9.117987852939586E-001,1.931985177698441E-001,
3.660000000000000E+009,9.136060389223533E-001,1.846719346554419E-001,
3.665000000000000E+009,9.152235906653237E-001,1.767587005303465E-001,
3.670000000000000E+009,9.170125606590502E-001,1.679991673757819E-001,
3.675000000000000E+009,9.184149409630391E-001,1.596870458395865E-001,
3.680000000000000E+009,9.194285614120670E-001,1.510474612781355E-001,
3.685000000000000E+009,9.202654075652315E-001,1.422301790305602E-001,
3.690000000000000E+009,9.209483468446874E-001,1.338523066428730E-001,
3.695000000000000E+009,9.217860494492437E-001,1.255800202517104E-001,
3.700000000000000E+009,9.219528558811908E-001,1.173936742518963E-001,
3.705000000000000E+009,9.226354299820809E-001,1.089397607534970E-001,
3.710000000000000E+009,9.228927878365112E-001,1.003212665998333E-001,
3.715000000000000E+009,9.231910758150762E-001,9.167040116696307E-002,
3.720000000000000E+009,9.230138547187469E-001,8.335330413358567E-002,
3.725000000000000E+009,9.225615687091959E-001,7.541872805309022E-002,
3.730000000000000E+009,9.222000276924830E-001,6.765676909980528E-002,
3.735000000000000E+009,9.221127269422470E-001,5.999159903578935E-002,
3.740000000000000E+009,9.220506312531289E-001,5.257607140777043E-002,
3.745000000000000E+009,9.224588889609222E-001,4.550305710142352E-002,
3.750000000000000E+009,9.229286673691239E-001,3.817982860298965E-002,
3.755000000000000E+009,9.233230710027552E-001,3.065510230556362E-002,
3.760000000000000E+009,9.235544452359935E-001,2.294791329117773E-002,
3.765000000000000E+009,9.236495839322237E-001,1.505458249371184E-002,
3.770000000000000E+009,9.234957593914337E-001,7.464181864457941E-003,
3.775000000000000E+009,9.240907707635659E-001,-7.641084151524478E-004,
3.780000000000000E+009,9.241235002561189E-001,-8.924032148227245E-003,
3.785000000000000E+009,9.239975650749908E-001,-1.731379333571369E-002,
3.790000000000000E+009,9.236960188755530E-001,-2.541635346736011E-002,
3.795000000000000E+009,9.232373386143715E-001,-3.397195815915916E-002,
3.800000000000000E+009,9.228573661507113E-001,-4.195844468998176E-002,
3.805000000000000E+009,9.223471015719725E-001,-5.061377574866343E-002,
3.810000000000000E+009,9.211974379617418E-001,-5.879034701428167E-002,
3.815000000000000E+009,9.204323405923742E-001,-6.740249916780922E-002,
3.820000000000000E+009,9.191756471112005E-001,-7.617444454935211E-002,
3.825000000000000E+009,9.178162926676483E-001,-8.475523505347629E-002,
3.830000000000000E+009,9.158506205594630E-001,-9.286561815625311E-002,
3.835000000000000E+009,9.142855844122905E-001,-1.009659316441206E-001,
3.840000000000000E+009,9.121985939008347E-001,-1.088325862743094E-001,
3.845000000000000E+009,9.107262455331371E-001,-1.162889676442620E-001,
3.850000000000000E+009,9.085339365521760E-001,-1.237929778602017E-001,
3.855000000000000E+009,9.070098061506177E-001,-1.312330141678818E-001,
3.860000000000000E+009,9.053442096952051E-001,-1.385022062731390E-001,
3.865000000000000E+009,9.035758427324182E-001,-1.457810266774126E-001,
3.870000000000000E+009,9.018288439221577E-001,-1.527908793831963E-001,
3.875000000000000E+009,9.000225925273201E-001,-1.595902117168784E-001,
3.880000000000000E+009,8.987314960694105E-001,-1.663155139419330E-001,
3.885000000000000E+009,8.976147390108840E-001,-1.739120367525394E-001,
3.890000000000000E+009,8.964822185415127E-001,-1.809737041840810E-001,
3.895000000000000E+009,8.952131075507881E-001,-1.883924625220074E-001,
3.900000000000000E+009,8.939621479075001E-001,-1.958410661025902E-001,
3.905000000000000E+009,8.923596217534232E-001,-2.032203118150350E-001,
3.910000000000000E+009,8.909347953245961E-001,-2.110778493502382E-001,
3.915000000000000E+009,8.893215331611796E-001,-2.188842534612320E-001,
3.920000000000000E+009,8.873360323264228E-001,-2.266939982390363E-001,
3.925000000000000E+009,8.852140968543074E-001,-2.346790723535066E-001,
3.930000000000000E+009,8.831786911086663E-001,-2.424473056898432E-001,
3.935000000000000E+009,8.809215756869954E-001,-2.502645349181905E-001,
3.940000000000000E+009,8.787384984089196E-001,-2.576295025459187E-001,
3.945000000000000E+009,8.765658846869777E-001,-2.655580953337355E-001,
3.950000000000000E+009,8.737583167110827E-001,-2.735317699720472E-001,
3.955000000000000E+009,8.712073836093673E-001,-2.814629683691628E-001,
3.960000000000000E+009,8.683332215632025E-001,-2.890938344598092E-001,
3.965000000000000E+009,8.652008061165547E-001,-2.968859649940956E-001,
3.970000000000000E+009,8.622097837475371E-001,-3.043670038657501E-001,
3.975000000000000E+009,8.576387063329651E-001,-3.158689982601841E-001,
3.980000000000000E+009,8.544379019975366E-001,-3.230469917057048E-001,
3.985000000000000E+009,8.507189948035601E-001,-3.306999673477618E-001,
3.990000000000000E+009,8.470174447840020E-001,-3.377756846601647E-001,
3.995000000000000E+009,8.434517437432798E-001,-3.442982136233071E-001,
4.000000000000000E+009,8.401060639599809E-001,-3.514577640624145E-001,
4.005000000000000E+009,8.368533047659120E-001,-3.574320351687915E-001,
4.010000000000000E+009,8.334411930613837E-001,-3.645187739756656E-001,
4.015000000000000E+009,8.305714488183009E-001,-3.716668327319235E-001,
4.020000000000000E+009,8.273725166043927E-001,-3.788854253647582E-001,
4.025000000000000E+009,8.240260713229624E-001,-3.859517158733023E-001,
4.030000000000000E+009,8.204122208763707E-001,-3.930632033751750E-001,
4.035000000000000E+009,8.167446268792569E-001,-4.000834747925802E-001,
4.040000000000000E+009,8.131235155265466E-001,-4.070315348823704E-001,
4.045000000000000E+009,8.094975574664642E-001,-4.142190302151044E-001,
4.050000000000000E+009,8.055564423795913E-001,-4.208168467836608E-001,
4.055000000000000E+009,8.021781718616156E-001,-4.281441328022774E-001,
4.060000000000000E+009,7.982717997297321E-001,-4.351167214074265E-001,
4.065000000000000E+009,7.940068476250443E-001,-4.421003740448300E-001,
4.070000000000000E+009,7.896714267359293E-001,-4.487345145864546E-001,
4.075000000000000E+009,7.857061685961175E-001,-4.549409841684056E-001,
4.080000000000000E+009,7.818349390091512E-001,-4.625775586729840E-001,
4.085000000000000E+009,7.775984181764308E-001,-4.695905064638167E-001,
4.090000000000000E+009,7.732837214708606E-001,-4.771206950154294E-001,
4.095000000000000E+009,7.685431071151611E-001,-4.840504891160644E-001,
4.100000000000000E+009,7.634385967698445E-001,-4.912522894667364E-001,
4.105000000000000E+009,7.584047159812016E-001,-4.978008047623223E-001,
4.110000000000000E+009,7.532252721466354E-001,-5.044184079274608E-001,
4.115000000000000E+009,7.480854138926345E-001,-5.113632552897129E-001,
4.120000000000000E+009,7.427038789820573E-001,-5.181166741529667E-001,
4.125000000000000E+009,7.372027943109745E-001,-5.242894098245521E-001,
4.130000000000000E+009,7.315149676660248E-001,-5.306298055160340E-001,
4.135000000000000E+009,7.260259237668918E-001,-5.365582970938911E-001,
4.140000000000000E+009,7.203856358326650E-001,-5.425975403140113E-001,
4.145000000000000E+009,7.147806658303646E-001,-5.485783664977006E-001,
4.150000000000000E+009,7.097384037863765E-001,-5.539643584019963E-001,
4.155000000000000E+009,7.041205936125908E-001,-5.593792036433755E-001,
4.160000000000000E+009,6.990987554773169E-001,-5.647235426148600E-001,
4.165000000000000E+009,6.946585778956019E-001,-5.701670299745956E-001,
4.170000000000000E+009,6.900150985765033E-001,-5.759652980418276E-001,
4.175000000000000E+009,6.851272801270465E-001,-5.817339576412870E-001,
4.180000000000000E+009,6.797587781766326E-001,-5.874997288003693E-001,
4.185000000000000E+009,6.740907681584805E-001,-5.932497648538956E-001,
4.190000000000000E+009,6.686919070434821E-001,-5.987499531528837E-001,
4.195000000000000E+009,6.633693211849915E-001,-6.043113637692894E-001,
4.200000000000000E+009,6.577683158297314E-001,-6.096856180649587E-001,
4.205000000000000E+009,6.524089379664555E-001,-6.154035917527292E-001,
4.210000000000000E+009,6.467680074495580E-001,-6.207608404351048E-001,
4.215000000000000E+009,6.410195134461695E-001,-6.269296655609649E-001,
4.220000000000000E+009,6.348153378734720E-001,-6.324740112065952E-001,
4.225000000000000E+009,6.284165694914250E-001,-6.379034562374515E-001,
4.230000000000000E+009,6.224277965754584E-001,-6.432933190492138E-001,
4.235000000000000E+009,6.155030954044067E-001,-6.483651720544758E-001,
4.240000000000000E+009,6.085973046335653E-001,-6.529328849952844E-001,
4.245000000000000E+009,6.027397865435172E-001,-6.573401442016188E-001,
4.250000000000000E+009,5.964811734318637E-001,-6.623161770956622E-001,
4.255000000000000E+009,5.900391832911283E-001,-6.670011075409759E-001,
4.260000000000000E+009,5.835730003930405E-001,-6.713579432023911E-001,
4.265000000000000E+009,5.772006404580710E-001,-6.750623255581520E-001,
4.270000000000000E+009,5.706874343121656E-001,-6.791836710224498E-001,
4.275000000000000E+009,5.646203931662631E-001,-6.828058725691564E-001,
4.280000000000000E+009,5.586231497094788E-001,-6.864003650292412E-001,
4.285000000000000E+009,5.528006251788120E-001,-6.898051777798118E-001,
4.290000000000000E+009,5.476550304612600E-001,-6.933625302373587E-001,
4.295000000000000E+009,5.421780625970851E-001,-6.973334728417973E-001,
4.300000000000000E+009,5.365492094419418E-001,-7.012678691487653E-001,
4.305000000000000E+009,5.309883918365002E-001,-7.056425007305783E-001,
4.310000000000000E+009,5.253186913524877E-001,-7.096748290548824E-001,
4.315000000000000E+009,5.192817577742038E-001,-7.138530331148015E-001,
4.320000000000000E+009,5.127201817843051E-001,-7.173685845730918E-001,
4.325000000000000E+009,5.071651949369843E-001,-7.211513317693264E-001,
4.330000000000000E+009,5.013457346045048E-001,-7.248088449873597E-001,
4.335000000000000E+009,4.954472657376109E-001,-7.288190887424854E-001,
4.340000000000000E+009,4.896302434045835E-001,-7.324709387015429E-001,
4.345000000000000E+009,4.838346130791139E-001,-7.364477864235394E-001,
4.350000000000000E+009,4.778990297227448E-001,-7.408973791320117E-001,
4.355000000000000E+009,4.716186800534536E-001,-7.452575280302015E-001,
4.360000000000000E+009,4.652600720930067E-001,-7.499455245603030E-001,
4.365000000000000E+009,4.581761172478467E-001,-7.543470307091247E-001,
4.370000000000000E+009,4.509394335189398E-001,-7.587269289992156E-001,
4.375000000000000E+009,4.436111188167540E-001,-7.629838327457206E-001,
4.380000000000000E+009,4.353602525025726E-001,-7.668194905600121E-001,
4.385000000000000E+009,4.275077441338878E-001,-7.701620966339134E-001,
4.390000000000000E+009,4.196947005988792E-001,-7.731289920410986E-001,
4.395000000000000E+009,4.120421804517315E-001,-7.758603654751699E-001,
4.400000000000000E+009,4.039270884916431E-001,-7.780867061632988E-001,
4.405000000000000E+009,3.970422964566298E-001,-7.800481264139211E-001,
4.410000000000000E+009,3.895201684477916E-001,-7.818168955990268E-001,
4.415000000000000E+009,3.826068219576437E-001,-7.833680288371513E-001,
4.420000000000000E+009,3.766045528912894E-001,-7.848928942439519E-001,
4.425000000000000E+009,3.706778226460127E-001,-7.864365958079140E-001,
4.430000000000000E+009,3.646662511877454E-001,-7.887058362178950E-001,
4.435000000000000E+009,3.588549542825612E-001,-7.911704598206983E-001,
4.440000000000000E+009,3.525696100614719E-001,-7.937854922012447E-001,
4.445000000000000E+009,3.461389490589202E-001,-7.963586243779025E-001,
4.450000000000000E+009,3.396438752420822E-001,-7.988345841230127E-001,
4.455000000000000E+009,3.325896203203979E-001,-8.013736270953752E-001,
4.460000000000000E+009,3.258403778465671E-001,-8.036398303886526E-001,
4.465000000000000E+009,3.194295948409346E-001,-8.059107783853511E-001,
4.470000000000000E+009,3.121932568510221E-001,-8.084972165035819E-001,
4.475000000000000E+009,3.055489574911882E-001,-8.110403260960800E-001,
4.480000000000000E+009,2.986014919769041E-001,-8.132695814074549E-001,
4.485000000000000E+009,2.922673208550679E-001,-8.155369205889980E-001,
4.490000000000000E+009,2.850099298261913E-001,-8.181471738284032E-001,
4.495000000000000E+009,2.781402746371215E-001,-8.204831363225046E-001,
4.500000000000000E+009,2.703207376789018E-001,-8.224335018730227E-001,
4.505000000000000E+009,2.634092324813449E-001,-8.251310110444792E-001,
4.510000000000000E+009,2.556088630026774E-001,-8.271697639414365E-001,
4.515000000000000E+009,2.477538003861892E-001,-8.291466633656289E-001,
4.520000000000000E+009,2.401911962984276E-001,-8.304245296417806E-001,
4.525000000000000E+009,2.323784415344273E-001,-8.318030825944389E-001,
4.530000000000000E+009,2.246379928826970E-001,-8.327637986513742E-001,
4.535000000000000E+009,2.174172941963067E-001,-8.332553174178923E-001,
4.540000000000000E+009,2.108032302323400E-001,-8.343240292354835E-001,
4.545000000000000E+009,2.039156727445183E-001,-8.352811314515598E-001,
4.550000000000000E+009,1.974727494948730E-001,-8.364891014366557E-001,
4.555000000000000E+009,1.907785614401205E-001,-8.379083646952499E-001,
4.560000000000000E+009,1.832952102396483E-001,-8.396664807345616E-001,
4.565000000000000E+009,1.760512408016517E-001,-8.403595464143832E-001,
4.570000000000000E+009,1.687820058330004E-001,-8.414749357983269E-001,
4.575000000000000E+009,1.616645396224373E-001,-8.424861566570402E-001,
4.580000000000000E+009,1.542899549898250E-001,-8.436374415207392E-001,
4.585000000000000E+009,1.466727052136916E-001,-8.442777299594295E-001,
4.590000000000000E+009,1.393988903367013E-001,-8.452799866017809E-001,
4.595000000000000E+009,1.318833060220408E-001,-8.458161033383713E-001,
4.600000000000000E+009,1.246319576711972E-001,-8.468059767244717E-001,
4.605000000000000E+009,1.175711053864509E-001,-8.471270777312587E-001,
4.610000000000000E+009,1.106303081854717E-001,-8.473980589130447E-001,
4.615000000000000E+009,1.036402031691096E-001,-8.481392353354003E-001,
4.620000000000000E+009,9.662657884854410E-002,-8.496151202487208E-001,
4.625000000000000E+009,8.967178408631762E-002,-8.508125908193434E-001,
4.630000000000000E+009,8.223466464780502E-002,-8.517843387468399E-001,
4.635000000000000E+009,7.481110341409043E-002,-8.531789849611462E-001,
4.640000000000000E+009,6.676769978741552E-002,-8.545662759272299E-001,
4.645000000000000E+009,5.814546606200915E-002,-8.557706016240110E-001,
4.650000000000000E+009,4.895283616057538E-002,-8.565339918708921E-001,
4.655000000000000E+009,3.964708445515842E-002,-8.564492894825045E-001,
4.660000000000000E+009,3.083805893185026E-002,-8.559657925343477E-001,
4.665000000000000E+009,2.166545804348331E-002,-8.547083939440385E-001,
4.670000000000000E+009,1.328853331761013E-002,-8.527681528173938E-001,
4.675000000000000E+009,5.777569595087004E-003,-8.507319551444450E-001,
4.680000000000000E+009,-2.697747829447430E-003,-8.491481889650778E-001,
4.685000000000000E+009,-1.073164479606833E-002,-8.468793154526497E-001,
4.690000000000000E+009,-1.778990708188576E-002,-8.445714723730045E-001,
4.695000000000000E+009,-2.473676066114731E-002,-8.423849436442611E-001,
4.700000000000000E+009,-3.099946544671711E-002,-8.399431646296898E-001,
4.705000000000000E+009,-3.734052145104449E-002,-8.383468890289243E-001,
4.710000000000000E+009,-4.397536362764634E-002,-8.371369501954501E-001,
4.715000000000000E+009,-5.005419741245922E-002,-8.353900507892458E-001,
4.720000000000000E+009,-5.630444259976605E-002,-8.343290622799733E-001,
4.725000000000000E+009,-6.248424987860748E-002,-8.334805095191077E-001,
4.730000000000000E+009,-6.878851503214989E-002,-8.318784241664917E-001,
4.735000000000000E+009,-7.561002496309130E-002,-8.310877125172091E-001,
4.740000000000000E+009,-8.184417296416262E-002,-8.302212571579670E-001,
4.745000000000000E+009,-8.899804464500168E-002,-8.294916288472919E-001,
4.750000000000000E+009,-9.530149780742861E-002,-8.284322431130204E-001,
4.755000000000000E+009,-1.023820336706513E-001,-8.275666287794310E-001,
4.760000000000000E+009,-1.095705672620794E-001,-8.263820985169605E-001,
4.765000000000000E+009,-1.165672971128996E-001,-8.253812255272384E-001,
4.770000000000000E+009,-1.238919438857321E-001,-8.243419296433111E-001,
4.775000000000000E+009,-1.316501331103361E-001,-8.231243989764498E-001,
4.780000000000000E+009,-1.398695034792860E-001,-8.214535560117822E-001,
4.785000000000000E+009,-1.476563115301586E-001,-8.185497962579379E-001,
4.790000000000000E+009,-1.547135013141190E-001,-8.160994692327906E-001,
4.795000000000000E+009,-1.625378439177353E-001,-8.124530062853717E-001,
4.800000000000000E+009,-1.689856736164365E-001,-8.092174089299565E-001,
4.805000000000000E+009,-1.758511398336135E-001,-8.053368495479664E-001,
4.810000000000000E+009,-1.819943233841010E-001,-8.015430166155886E-001,
4.815000000000000E+009,-1.878101644594350E-001,-7.972218714314245E-001,
4.820000000000000E+009,-1.929885128820439E-001,-7.934552069813897E-001,
4.825000000000000E+009,-1.980728831414913E-001,-7.893066630431639E-001,
4.830000000000000E+009,-2.026865877944472E-001,-7.859255834346249E-001,
4.835000000000000E+009,-2.069907246098227E-001,-7.824736259359467E-001,
4.840000000000000E+009,-2.109838890548344E-001,-7.798655544837351E-001,
4.845000000000000E+009,-2.159560006420669E-001,-7.775517115685287E-001,
4.850000000000000E+009,-2.207961042259246E-001,-7.758836729202272E-001,
4.855000000000000E+009,-2.260198268572385E-001,-7.739911022720319E-001,
4.860000000000000E+009,-2.315476268716087E-001,-7.723666311675028E-001,
4.865000000000000E+009,-2.368739508289127E-001,-7.696916835836777E-001,
4.870000000000000E+009,-2.430099396822972E-001,-7.666492774355135E-001,
4.875000000000000E+009,-2.483142800024906E-001,-7.638355529899641E-001,
4.880000000000000E+009,-2.531068619715754E-001,-7.599523588688618E-001,
4.885000000000000E+009,-2.573778799108551E-001,-7.567606363382733E-001,
4.890000000000000E+009,-2.611668144276179E-001,-7.531581992426242E-001,
4.895000000000000E+009,-2.647789230283748E-001,-7.502492407340785E-001,
4.900000000000000E+009,-2.670395946140433E-001,-7.479729153203971E-001,
4.905000000000000E+009,-2.693562345309803E-001,-7.472490505261270E-001,
4.910000000000000E+009,-2.727249024356526E-001,-7.477649905104236E-001,
4.915000000000000E+009,-2.768340736867040E-001,-7.486406418925181E-001,
4.920000000000000E+009,-2.815383853733682E-001,-7.494076603395349E-001,
4.925000000000000E+009,-2.875390831449375E-001,-7.502977218611094E-001,
4.930000000000000E+009,-2.935271075557260E-001,-7.505296680651935E-001,
4.935000000000000E+009,-3.010797340398287E-001,-7.506775540739801E-001,
4.940000000000000E+009,-3.088126522774691E-001,-7.501510040699020E-001,
4.945000000000000E+009,-3.173069988260696E-001,-7.482679982218098E-001,
4.950000000000000E+009,-3.247044746378652E-001,-7.457829792745081E-001,
4.955000000000000E+009,-3.326202154643647E-001,-7.425161535575290E-001,
4.960000000000000E+009,-3.393409306677030E-001,-7.386274226828872E-001,
4.965000000000000E+009,-3.453352747383296E-001,-7.348012777741301E-001,
4.970000000000000E+009,-3.513293675489197E-001,-7.310093171803733E-001,
4.975000000000000E+009,-3.568473340570794E-001,-7.269479738143705E-001,
4.980000000000000E+009,-3.619305769692172E-001,-7.232661242468745E-001,
4.985000000000000E+009,-3.667982260672824E-001,-7.208085018105949E-001,
4.990000000000000E+009,-3.716864701140012E-001,-7.184316970822540E-001,
4.995000000000000E+009,-3.767796591267287E-001,-7.162565560762368E-001,
5.000000000000000E+009,-3.823604587379170E-001,-7.142908964443150E-001,
5.005000000000000E+009,-3.879737879271724E-001,-7.125650926539471E-001,
5.010000000000000E+009,-3.940118020301500E-001,-7.111920680288904E-001,
5.015000000000000E+009,-4.012503170102063E-001,-7.088415418823604E-001,
5.020000000000000E+009,-4.082264491743385E-001,-7.062137639923993E-001,
5.025000000000000E+009,-4.151296009947175E-001,-7.037188638397535E-001,
5.030000000000000E+009,-4.216293047159698E-001,-7.006186841570513E-001,
5.035000000000000E+009,-4.280966306592167E-001,-6.980639932757443E-001,
5.040000000000000E+009,-4.352919614041269E-001,-6.946068029840634E-001,
5.045000000000000E+009,-4.426135512238887E-001,-6.911855511964891E-001,
5.050000000000000E+009,-4.495902044667416E-001,-6.869571176929665E-001,
5.055000000000000E+009,-4.565394882854749E-001,-6.830764641498320E-001,
5.060000000000000E+009,-4.634459767026908E-001,-6.786280695794658E-001,
5.065000000000000E+009,-4.699908254796984E-001,-6.730858892447584E-001,
5.070000000000000E+009,-4.758746804522789E-001,-6.677880593225607E-001,
5.075000000000000E+009,-4.819559159613231E-001,-6.622596492961492E-001,
5.080000000000000E+009,-4.872406361291179E-001,-6.557959848055315E-001,
5.085000000000000E+009,-4.916230994237561E-001,-6.495844739898881E-001,
5.090000000000000E+009,-4.963226819557959E-001,-6.439862504548939E-001,
5.095000000000000E+009,-4.991868080795007E-001,-6.387583661887841E-001,
5.100000000000000E+009,-5.031460992627198E-001,-6.335777804822190E-001,
5.105000000000000E+009,-5.057761617086362E-001,-6.288200592945688E-001,
5.110000000000000E+009,-5.091347924550661E-001,-6.243876496005807E-001,
5.115000000000000E+009,-5.129642590784129E-001,-6.211202978108171E-001,
5.120000000000000E+009,-5.164609815070419E-001,-6.186069313987339E-001,
5.125000000000000E+009,-5.215927982164622E-001,-6.153811046255204E-001,
5.130000000000000E+009,-5.259385694605356E-001,-6.126730678405234E-001,
5.135000000000000E+009,-5.315466828904065E-001,-6.096331832779235E-001,
5.140000000000000E+009,-5.370984565607565E-001,-6.060150320909973E-001,
5.145000000000000E+009,-5.426139474817072E-001,-6.032272782210209E-001,
5.150000000000000E+009,-5.485093721592994E-001,-6.002266157635902E-001,
5.155000000000000E+009,-5.546195540898702E-001,-5.965491961595383E-001,
5.160000000000000E+009,-5.606582292480612E-001,-5.924879418909177E-001,
5.165000000000000E+009,-5.667421087979746E-001,-5.882213403318937E-001,
5.170000000000000E+009,-5.727776380559138E-001,-5.834931560890355E-001,
5.175000000000000E+009,-5.782295957936630E-001,-5.792279163454857E-001,
5.180000000000000E+009,-5.831308649985494E-001,-5.745306920288231E-001,
5.185000000000000E+009,-5.888661963756265E-001,-5.706421997064266E-001,
5.190000000000000E+009,-5.949906757044481E-001,-5.661916222816681E-001,
5.195000000000000E+009,-6.008514641169944E-001,-5.620418106523432E-001,
5.200000000000000E+009,-6.075311763959688E-001,-5.560230042515215E-001,
5.205000000000000E+009,-6.134510108394849E-001,-5.498636416983440E-001,
5.210000000000000E+009,-6.192608932626299E-001,-5.434052748367556E-001,
5.215000000000000E+009,-6.240962308029936E-001,-5.365569581790567E-001,
5.220000000000000E+009,-6.287216990083275E-001,-5.298680060100809E-001,
5.225000000000000E+009,-6.329593107739263E-001,-5.228288353286609E-001,
5.230000000000000E+009,-6.374619392346166E-001,-5.160583485363823E-001,
5.235000000000000E+009,-6.408768000707410E-001,-5.097725810304242E-001,
5.240000000000000E+009,-6.446081868008122E-001,-5.028238288001050E-001,
5.245000000000000E+009,-6.473418447146636E-001,-4.968964987160320E-001,
5.250000000000000E+009,-6.508221084242667E-001,-4.909937566719030E-001,
5.255000000000000E+009,-6.536505574719319E-001,-4.855529116249748E-001,
5.260000000000000E+009,-6.565645096632435E-001,-4.809874484506340E-001,
5.265000000000000E+009,-6.602458154788105E-001,-4.765161988583467E-001,
5.270000000000000E+009,-6.642737895659625E-001,-4.719423693099080E-001,
5.275000000000000E+009,-6.687166500184485E-001,-4.679282519367024E-001,
5.280000000000000E+009,-6.734117071248299E-001,-4.627039076855534E-001,
5.285000000000000E+009,-6.779299751043950E-001,-4.572561418294633E-001,
5.290000000000000E+009,-6.833609904513216E-001,-4.518741898051321E-001,
5.295000000000000E+009,-6.881916129652205E-001,-4.462569941538596E-001,
5.300000000000000E+009,-6.928861918480463E-001,-4.395688127719545E-001,
5.305000000000000E+009,-6.976221154478216E-001,-4.331376988103271E-001,
5.310000000000000E+009,-7.013993353897879E-001,-4.267315641208880E-001,
5.315000000000000E+009,-7.055033110648663E-001,-4.205164620870069E-001,
5.320000000000000E+009,-7.097211212212339E-001,-4.132093509604922E-001,
5.325000000000000E+009,-7.129609797627861E-001,-4.057261394930786E-001,
5.330000000000000E+009,-7.159272340468181E-001,-3.988058658028997E-001,
5.335000000000000E+009,-7.188280509659503E-001,-3.913574190074882E-001,
5.340000000000000E+009,-7.211519568108713E-001,-3.839351771062527E-001,
5.345000000000000E+009,-7.223800869150228E-001,-3.773145373231455E-001,
5.350000000000000E+009,-7.241831329707119E-001,-3.711935186192397E-001,
5.355000000000000E+009,-7.259054746085982E-001,-3.649484632961915E-001,
5.360000000000000E+009,-7.276217321052936E-001,-3.587300962460714E-001,
5.365000000000000E+009,-7.290520389505609E-001,-3.538135640963147E-001,
5.370000000000000E+009,-7.313471903642603E-001,-3.483081662664301E-001,
5.375000000000000E+009,-7.338147267907422E-001,-3.439035201210442E-001,
5.380000000000000E+009,-7.368851586475125E-001,-3.396526162030396E-001,
5.385000000000000E+009,-7.409681542143642E-001,-3.348071875047736E-001,
5.390000000000000E+009,-7.452157761934135E-001,-3.296662769263680E-001,
5.395000000000000E+009,-7.496037650516522E-001,-3.241547337574386E-001,
5.400000000000000E+009,-7.546304234945821E-001,-3.176662374315377E-001,
5.405000000000000E+009,-7.587506573106090E-001,-3.114112905187779E-001,
5.410000000000000E+009,-7.630807881083364E-001,-3.046170452325312E-001,
5.415000000000000E+009,-7.672049168848049E-001,-2.974304104118251E-001,
5.420000000000000E+009,-7.703078267531037E-001,-2.900251571270911E-001,
5.425000000000000E+009,-7.737594472975192E-001,-2.828111589286398E-001,
5.430000000000000E+009,-7.766498770890911E-001,-2.757787125100213E-001,
5.435000000000000E+009,-7.792830563588231E-001,-2.682499932747554E-001,
5.440000000000000E+009,-7.819080569385142E-001,-2.604602571693330E-001,
5.445000000000000E+009,-7.843675568085561E-001,-2.530065179018883E-001,
5.450000000000000E+009,-7.863223032564145E-001,-2.451107654536454E-001,
5.455000000000000E+009,-7.886313611273771E-001,-2.375230615557409E-001,
5.460000000000000E+009,-7.900783800789605E-001,-2.293485653099451E-001,
5.465000000000000E+009,-7.916916456996251E-001,-2.218223844547986E-001,
5.470000000000000E+009,-7.932023953263931E-001,-2.145012319417537E-001,
5.475000000000000E+009,-7.951733012792319E-001,-2.066734302408139E-001,
5.480000000000000E+009,-7.965793691586498E-001,-1.994809626591693E-001,
5.485000000000000E+009,-7.978779352232926E-001,-1.923165164268011E-001,
5.490000000000000E+009,-7.998602689005936E-001,-1.843211012268191E-001,
5.495000000000000E+009,-8.015482455938833E-001,-1.768133195082408E-001,
5.500000000000000E+009,-8.027859735646902E-001,-1.690015584304103E-001,
5.505000000000000E+009,-8.043116481162180E-001,-1.615566500535438E-001,
5.510000000000000E+009,-8.054561882330628E-001,-1.539964035147126E-001,
5.515000000000000E+009,-8.070539016230556E-001,-1.464728161410007E-001,
5.520000000000000E+009,-8.084764613903304E-001,-1.386051387047745E-001,
5.525000000000000E+009,-8.099247004444194E-001,-1.307345822525471E-001,
5.530000000000000E+009,-8.112582473704952E-001,-1.230351717460314E-001,
5.535000000000000E+009,-8.124695366871405E-001,-1.152891903250663E-001,
5.540000000000000E+009,-8.135394019182791E-001,-1.071190344142459E-001,
5.545000000000000E+009,-8.147522158985565E-001,-9.883128329424437E-002,
5.550000000000000E+009,-8.154288975281183E-001,-9.065078690114573E-002,
5.555000000000000E+009,-8.158183499739208E-001,-8.210244320291252E-002,
5.560000000000000E+009,-8.165364778051893E-001,-7.415207967841095E-002,
5.565000000000000E+009,-8.166664305312149E-001,-6.586527110753587E-002,
5.570000000000000E+009,-8.163321422067216E-001,-5.721413116673188E-002,
5.575000000000000E+009,-8.162718461347575E-001,-4.964274248355466E-002,
5.580000000000000E+009,-8.160175464533717E-001,-4.127036037640891E-002,
5.585000000000000E+009,-8.150746850588992E-001,-3.311622905113382E-002,
5.590000000000000E+009,-8.145512490393314E-001,-2.501916456325054E-002,
5.595000000000000E+009,-8.134958532011661E-001,-1.729827997799302E-002,
5.600000000000000E+009,-8.126103989948370E-001,-9.048169522707716E-003,
5.605000000000000E+009,-8.110001327947563E-001,-1.388760017481774E-003,
5.610000000000000E+009,-8.096643614378503E-001,6.060489941743566E-003,
5.615000000000000E+009,-8.082914630338371E-001,1.289306021491043E-002,
5.620000000000000E+009,-8.076729997450710E-001,2.041089839688864E-002,
5.625000000000000E+009,-8.066063977933441E-001,2.791745206336700E-002,
5.630000000000000E+009,-8.061220709300374E-001,3.572615470448688E-002,
5.635000000000000E+009,-8.049256750336460E-001,4.319000435481527E-002,
5.640000000000000E+009,-8.037085581252290E-001,5.124290990846399E-002,
5.645000000000000E+009,-8.024270347885525E-001,5.902782529176791E-002,
5.650000000000000E+009,-8.011016147204838E-001,6.659170515770728E-002,
5.655000000000000E+009,-7.993780757768875E-001,7.457255099916911E-002,
5.660000000000000E+009,-7.974659185589920E-001,8.201813151797474E-002,
5.665000000000000E+009,-7.953507609940741E-001,8.919938765775995E-002,
5.670000000000000E+009,-7.933129241475216E-001,9.664320665556607E-002,
5.675000000000000E+009,-7.915612149111730E-001,1.038557511860059E-001,
5.680000000000000E+009,-7.902741775528920E-001,1.106790181942718E-001,
5.685000000000000E+009,-7.887698055485863E-001,1.180588716285500E-001,
5.690000000000000E+009,-7.869745535715527E-001,1.258612016155698E-001,
5.695000000000000E+009,-7.846850196261859E-001,1.337928560308191E-001,
5.700000000000000E+009,-7.821435462119828E-001,1.412204822734126E-001,
5.705000000000000E+009,-7.795689992239702E-001,1.483450002047637E-001,
5.710000000000000E+009,-7.770014994536166E-001,1.557834537067302E-001,
5.715000000000000E+009,-7.740819173725484E-001,1.634294478764376E-001,
5.720000000000000E+009,-7.709341338259163E-001,1.712069635927010E-001,
5.725000000000000E+009,-7.674977287756717E-001,1.784459545001948E-001,
5.730000000000000E+009,-7.636967944179112E-001,1.857341763738037E-001,
5.735000000000000E+009,-7.597525565239818E-001,1.924719946287646E-001,
5.740000000000000E+009,-7.560764499505099E-001,1.992112668939008E-001,
5.745000000000000E+009,-7.519471896028546E-001,2.053505012468514E-001,
5.750000000000000E+009,-7.483916788486832E-001,2.118234342486099E-001,
5.755000000000000E+009,-7.448045396484349E-001,2.179072931380865E-001,
5.760000000000000E+009,-7.409453740203328E-001,2.241655527369797E-001,
5.765000000000000E+009,-7.376478674546853E-001,2.303982955964467E-001,
5.770000000000000E+009,-7.336318295185771E-001,2.370286508468275E-001,
5.775000000000000E+009,-7.294272091389324E-001,2.437244202911993E-001,
5.780000000000000E+009,-7.251439906464656E-001,2.498728299048924E-001,
5.785000000000000E+009,-7.211034058982977E-001,2.562533275781688E-001,
5.790000000000000E+009,-7.163607260823393E-001,2.620529976707222E-001,
5.795000000000000E+009,-7.120263718221229E-001,2.676311127855633E-001,
5.800000000000000E+009,-7.074233995318378E-001,2.729813029046334E-001,
5.805000000000000E+009,-7.033514321826000E-001,2.787052974095842E-001,
5.810000000000000E+009,-6.987526050388301E-001,2.843698195773103E-001,
5.815000000000000E+009,-6.939422211044215E-001,2.897133048803188E-001,
5.820000000000000E+009,-6.890374020968078E-001,2.952208445904853E-001,
5.825000000000000E+009,-6.837745461966985E-001,2.999748302495048E-001,
5.830000000000000E+009,-6.788014947781893E-001,3.046697231246485E-001,
5.835000000000000E+009,-6.733312340494801E-001,3.094138811791305E-001,
5.840000000000000E+009,-6.676981886568202E-001,3.133469487311542E-001,
5.845000000000000E+009,-6.622423331594152E-001,3.170956801834840E-001,
5.850000000000000E+009,-6.564290822172197E-001,3.207462910681957E-001,
5.855000000000000E+009,-6.503904557664744E-001,3.238422465345020E-001,
5.860000000000000E+009,-6.442333398474320E-001,3.262559146413371E-001,
5.865000000000000E+009,-6.386295117426883E-001,3.273112546854659E-001,
5.870000000000000E+009,-6.340825529896961E-001,3.284459948035995E-001,
5.875000000000000E+009,-6.299702084144458E-001,3.297228074731221E-001,
5.880000000000000E+009,-6.259961811780062E-001,3.307286291861520E-001,
5.885000000000000E+009,-6.228318580464517E-001,3.321515999501663E-001,
5.890000000000000E+009,-6.198851916198909E-001,3.336359852949492E-001,
5.895000000000000E+009,-6.168690673902258E-001,3.351603154514975E-001,
5.900000000000000E+009,-6.139711068987708E-001,3.366417226482648E-001,
5.905000000000000E+009,-6.116911113998160E-001,3.375680661179583E-001,
5.910000000000000E+009,-6.098374745285508E-001,3.383117288258296E-001,
5.915000000000000E+009,-6.091001781906746E-001,3.391870050314867E-001,
5.920000000000000E+009,-6.088830363859779E-001,3.399192925757986E-001,
5.925000000000000E+009,-6.096555477181727E-001,3.425684531870060E-001,
5.930000000000000E+009,-6.098421822291442E-001,3.460524272815171E-001,
5.935000000000000E+009,-6.100252355068260E-001,3.496483705293977E-001,
5.940000000000000E+009,-6.099138602716872E-001,3.534107553544473E-001,
5.945000000000000E+009,-6.093665818692685E-001,3.572674812979214E-001,
5.950000000000000E+009,-6.089639484303824E-001,3.616825559203292E-001,
5.955000000000000E+009,-6.086278114331981E-001,3.658009267266754E-001,
5.960000000000000E+009,-6.074988450606185E-001,3.706049214469435E-001,
5.965000000000000E+009,-6.068745745547528E-001,3.748679900696776E-001,
5.970000000000000E+009,-6.063200128040909E-001,3.797336363108699E-001,
5.975000000000000E+009,-6.056440072023075E-001,3.851365562692377E-001,
5.980000000000000E+009,-6.042064861082500E-001,3.907531132357990E-001,
5.985000000000000E+009,-6.026304461026628E-001,3.960856857164546E-001,
5.990000000000000E+009,-6.007084865053937E-001,4.013182961271261E-001,
5.995000000000000E+009,-5.986973117484205E-001,4.058986224011675E-001,
6.000000000000000E+009,-5.970149051792001E-001,4.106990808305005E-001,
